punto de referencia 1
punto 1 de la ventana (1)in_(0)out:
1
386 216 23 76.2441 2517.7478 10.8306 110.1383 1.2670 3.6341 0.4407 0.9531 0.2686 0.4908 15.6190 177.3109 
80.7367 3411.6673 9.9983 102.6717 1.4259 4.7084 0.9776 2.4104 0.7854 1.5447 14.7244 173.6948 
98.3658 4817.9825 5.1488 28.8272 1.2198 3.0056 0.2241 0.3063 0.3072 0.4298 8.8519 56.1547 
104.3074 5275.2855 2.1558 5.0951 1.1277 2.1401 0.3558 0.4486 0.4116 0.5299 4.0134 11.5332 
112.6478 6136.7012 1.1959 1.8891 0.7763 1.1786 0.6066 0.8028 0.6376 0.8503 2.0665 4.0592 
punto 2 de la ventana (1)in_(0)out:
1
386 232 61 144.7163 8535.0442 0.2676 0.4697 1.9918 7.4323 0.0000 0.0000 0.0000 0.0000 7.0638 26.7063 
127.3467 7617.2086 0.6426 1.2135 3.5660 13.4645 0.0000 0.0000 0.0254 0.0310 5.0222 18.1995 
130.8924 7823.9112 1.2066 2.4551 3.0827 7.2947 0.0115 0.0125 0.0137 0.0149 4.1927 11.4629 
118.5082 6624.6762 1.4352 2.5737 2.0737 3.9292 0.2981 0.3677 0.2963 0.3655 2.8386 5.8708 
112.6956 6043.8750 1.1206 1.7243 1.1450 1.7822 0.6082 0.8052 0.6253 0.8312 1.7180 2.9009 
punto 3 de la ventana (1)in_(0)out:
1
386 248 64 159.8552 10436.6016 0.5905 1.5349 2.0076 8.8203 0.0000 0.0000 0.0000 0.0000 11.0117 58.3063 
140.7068 9330.6372 1.0292 2.9105 1.8674 8.8439 0.0000 0.0000 0.2139 0.5350 8.4597 42.6020 
147.8116 9921.1493 2.1269 6.6178 2.0872 5.7945 0.0082 0.0088 0.0492 0.0601 5.3336 17.4795 
138.3979 8913.6877 1.6694 3.5521 1.3286 2.2463 0.2413 0.2945 0.2530 0.3060 2.7698 6.0127 
126.0713 7561.6837 0.9932 1.5362 1.2685 1.9965 0.5877 0.7747 0.5952 0.7855 1.8232 3.1313 
punto 4 de la ventana (1)in_(0)out:
1
386 264 84 209.0393 18724.8544 0.3832 2.6852 3.8292 30.4055 0.0000 0.0000 1.1202 15.0539 42.6966 829.0203 
172.2274 14652.8767 1.6403 9.8053 5.6647 48.3569 1.1396 4.9025 1.7674 12.3548 25.7160 374.2917 
174.0725 13978.9252 1.5702 4.5099 3.4872 14.6980 0.1973 0.3286 0.1635 0.2878 9.5609 54.9271 
159.5362 11875.7260 1.0412 2.1959 1.7379 3.5188 0.1998 0.2403 0.1962 0.2344 3.5815 8.8736 
137.2754 8941.5208 0.8347 1.3093 1.0545 1.6418 0.5706 0.7493 0.5729 0.7522 1.9920 3.5188 
punto 5 de la ventana (1)in_(0)out:
1
386 280 66 155.8224 9956.9141 0.1898 0.3206 9.7046 58.3372 0.0000 0.0000 0.0000 0.0000 13.5464 88.7590 
127.9488 7723.8230 0.5782 1.0537 5.0340 25.1825 0.0032 0.0041 0.3785 1.3651 9.2762 49.7369 
136.4074 8507.0646 0.6411 1.2023 1.3131 3.0610 0.0631 0.0852 0.0653 0.0779 5.7533 24.7941 
147.8191 10316.0478 0.4329 0.6565 0.4832 0.7328 0.2491 0.3042 0.2379 0.2885 3.4297 8.5948 
135.8309 8788.2835 0.6598 0.9999 0.7004 1.0359 0.5747 0.7552 0.5747 0.7549 1.9688 3.4593 
punto 6 de la ventana (1)in_(0)out:
0
402 216 57 134.0983 7345.4948 0.9711 2.7016 4.5466 20.2036 0.0000 0.0000 0.0000 0.0000 10.3960 51.7022 
111.4793 5843.9970 2.1277 7.4931 1.8041 6.5080 0.0008 0.0008 0.2583 0.4734 6.9408 28.7076 
117.6521 6335.3123 2.9041 9.6742 0.5778 1.0274 0.1006 0.1244 0.0492 0.0572 5.2478 18.8614 
119.3037 6651.2693 1.2649 2.5396 0.9520 1.6951 0.3143 0.3942 0.3185 0.3976 3.2578 7.7563 
117.8606 6554.8545 0.8356 1.2298 0.7543 1.0970 0.6005 0.7934 0.6180 0.8199 1.5989 2.7087 
punto 7 de la ventana (1)in_(0)out:
1
402 232 62 151.1308 9490.8590 0.0023 0.0028 5.8433 20.9850 0.0000 0.0000 0.0000 0.0000 19.8904 167.8252 
126.8759 7890.9636 0.6866 3.6390 6.1567 23.5857 0.0719 0.1151 0.0194 0.0243 15.6084 128.2754 
119.4640 6764.7518 2.2305 8.8192 3.5346 9.9475 0.3160 0.4735 0.0746 0.0925 9.0163 47.4844 
118.3777 6548.5096 1.3985 3.1320 1.4130 2.5076 0.3682 0.4800 0.3032 0.3739 3.3885 8.2680 
117.7346 6513.9074 0.9210 1.4057 0.9867 1.4819 0.6044 0.7998 0.6140 0.8138 1.5908 2.6431 
punto 8 de la ventana (1)in_(0)out:
1
402 248 64 153.5279 9703.8520 0.0594 0.0756 0.0241 0.0332 0.0000 0.0000 0.0000 0.0000 15.0576 108.6908 
127.9437 7893.6559 0.0464 0.0650 0.0051 0.0059 0.0051 0.0059 0.0201 0.0257 12.1924 80.2549 
125.8228 7447.6077 0.7401 1.7933 0.5139 0.9079 0.0613 0.0733 0.0576 0.0691 7.1700 30.2390 
120.3495 6859.9135 0.6785 1.3793 0.9261 1.4972 0.3438 0.4366 0.3063 0.3786 3.3945 8.3742 
124.6011 7327.2608 0.9108 1.4771 1.0241 1.5350 0.6027 0.7980 0.5958 0.7864 1.8118 3.1397 
punto 9 de la ventana (1)in_(0)out:
1
402 264 72 171.1843 11973.5431 0.2819 0.4334 1.5661 7.6386 0.0000 0.0000 0.0000 0.0000 12.6504 75.6034 
142.1981 9541.4040 0.3519 0.5706 1.7454 6.6006 0.0000 0.0000 0.0255 0.0342 9.0501 45.0614 
137.8192 8721.5689 0.3599 0.7566 2.4757 6.7023 0.0156 0.0177 0.0299 0.0341 5.9881 20.4437 
126.1610 7546.9714 0.3132 0.5155 1.3215 2.2370 0.2949 0.3644 0.2784 0.3409 3.0452 6.7894 
128.2118 7792.6567 0.8638 1.4818 0.8310 1.2072 0.6066 0.8041 0.5871 0.7733 2.0111 3.5992 
punto 10 de la ventana (1)in_(0)out:
1
402 280 60 143.2431 8350.6965 2.0287 4.4564 0.3875 0.6072 0.0000 0.0000 0.0000 0.0000 4.5481 14.0522 
123.7875 7191.1836 1.5675 3.2679 0.8952 1.8718 0.0000 0.0000 0.0015 0.0017 4.0760 11.4861 
125.3180 7137.4084 0.8776 1.4230 0.5911 1.0235 0.0163 0.0179 0.0221 0.0250 3.4987 8.2620 
119.7283 6723.8132 0.3807 0.4985 0.4851 0.6716 0.2877 0.3516 0.2933 0.3593 2.3988 4.5678 
123.2304 7237.6038 0.8216 1.4064 0.6440 0.8957 0.6177 0.8203 0.5978 0.7894 1.9566 3.4789 
punto 11 de la ventana (1)in_(0)out:
0
418 216 31 81.0756 2683.4419 1.4485 2.5412 2.2079 6.5013 0.0000 0.0000 0.0000 0.0000 5.9112 19.0703 
75.5156 2689.3211 1.0358 1.9173 2.0660 5.2371 0.0686 0.0810 0.1519 0.2130 4.9234 18.9318 
95.8424 4358.1264 0.5800 0.9638 2.5805 7.0548 0.1632 0.1993 0.1077 0.1245 6.1904 28.0510 
109.1735 5608.9039 1.0601 2.3079 1.2516 2.2471 0.3770 0.4808 0.3537 0.4438 3.5666 8.9119 
112.9465 5989.2189 0.6497 0.8941 0.8272 1.1851 0.6137 0.8135 0.6211 0.8243 1.3439 2.1015 
punto 12 de la ventana (1)in_(0)out:
0
418 232 47 122.6946 6347.3704 0.6028 2.0024 8.6602 40.3020 0.0000 0.0000 0.0000 0.0000 20.3904 205.3269 
117.3100 6712.4748 0.8140 2.1761 4.4920 17.2217 0.5110 0.8856 0.0890 0.1209 14.0106 119.4252 
125.1113 7270.3356 1.4813 6.5458 1.1922 2.4606 0.1196 0.1512 0.0475 0.0582 7.3461 35.8598 
117.4191 6467.2261 1.6739 4.0938 1.4891 3.2625 0.3645 0.4697 0.3120 0.3860 3.8786 10.4139 
116.6070 6390.8068 0.8198 1.2454 1.0111 1.5103 0.6110 0.8100 0.6130 0.8121 1.5091 2.4796 
punto 13 de la ventana (1)in_(0)out:
1
418 248 56 152.1976 9917.9078 26.8615 325.0222 0.8586 5.8620 0.0000 0.0000 0.0000 0.0000 29.6689 392.4527 
130.6060 8606.7355 17.9924 194.3188 0.6288 1.4433 0.3676 0.5821 0.0352 0.0488 19.3084 212.7355 
132.5665 8653.1548 9.0553 60.1750 1.5873 4.8491 0.2864 0.4002 0.0413 0.0479 10.1177 66.1578 
126.5426 7782.3511 3.3988 11.0320 1.2517 2.8392 0.3534 0.4576 0.2809 0.3461 5.0660 16.4059 
124.1593 7278.5367 1.0745 1.8324 1.0276 1.5440 0.6072 0.8054 0.5965 0.7874 1.8584 3.2797 
punto 14 de la ventana (1)in_(0)out:
1
418 264 45 100.2772 4104.9774 2.1595 4.3512 1.4651 3.1723 0.0000 0.0000 0.0000 0.0000 5.3478 16.4189 
86.2717 3508.9771 2.4014 7.6900 0.7000 1.2701 0.0171 0.0201 0.1328 0.2119 4.9501 18.1883 
103.0046 5026.6964 4.5956 20.7312 0.6356 1.1236 0.1567 0.1962 0.0684 0.0778 6.3511 29.1471 
117.6861 6673.6885 2.9558 8.8586 0.8549 1.3878 0.3876 0.4980 0.3171 0.3917 4.2334 12.2972 
128.3200 7811.3407 1.3082 2.4089 0.8507 1.2358 0.6059 0.8041 0.5872 0.7734 2.1310 3.9423 
punto 15 de la ventana (1)in_(0)out:
1
418 280 36 86.5246 3053.5399 0.8820 3.1447 0.9713 1.7399 0.0000 0.0000 0.0137 0.0192 4.6403 13.2205 
81.2871 3115.7320 2.9384 20.1055 0.7242 1.1895 0.4271 0.7524 0.0060 0.0064 5.8026 28.1925 
101.0268 4772.3348 4.2957 23.2047 0.8961 1.6537 0.2741 0.3679 0.0438 0.0489 6.1377 28.1591 
116.3597 6545.0524 3.0469 9.9096 0.9015 1.3784 0.4133 0.5381 0.2995 0.3673 4.0881 12.2108 
124.6268 7407.9075 1.3608 2.5258 0.6793 0.9480 0.6108 0.8113 0.5986 0.7907 2.1317 3.9619 
punto 16 de la ventana (1)in_(0)out:
0
434 216 59 139.9561 8020.1316 0.4386 1.6046 7.5996 46.1487 0.0000 0.0000 0.0087 0.0165 11.3202 70.4579 
121.2599 7037.6353 2.3777 15.2490 7.5147 47.2278 0.0167 0.0242 0.0787 0.1051 12.0463 87.8801 
116.1965 6356.1570 3.9455 21.6249 3.7133 13.1613 0.2265 0.3301 0.0413 0.0463 9.2439 51.9862 
104.6140 5110.2523 1.4501 3.1993 1.2521 2.1676 0.3669 0.4679 0.3387 0.4210 3.1548 7.3406 
106.6076 5327.7826 0.7559 1.0826 0.8897 1.2899 0.6311 0.8399 0.6326 0.8417 1.3564 2.1312 
punto 17 de la ventana (1)in_(0)out:
0
434 232 44 106.2072 4603.7400 1.3547 2.9647 0.7645 1.6999 0.0000 0.0000 0.0000 0.0000 6.1686 26.2837 
95.4810 4316.1820 1.3578 3.9818 1.4773 6.1489 0.0049 0.0055 0.0208 0.0230 7.0761 32.3976 
106.0809 5237.7367 1.5989 5.7972 1.7135 5.7589 0.1025 0.1266 0.0849 0.0978 6.8164 31.5818 
110.2159 5740.7171 1.2898 2.8240 1.7348 3.8327 0.3803 0.4898 0.3601 0.4522 3.9606 10.9755 
113.8485 6117.6307 0.8143 1.2191 1.1320 1.7276 0.6173 0.8196 0.6173 0.8186 1.5346 2.5234 
punto 18 de la ventana (1)in_(0)out:
0
434 248 41 119.7824 5934.3372 0.6515 1.7841 3.1056 10.1389 0.0000 0.0000 0.0000 0.0000 14.7652 114.6463 
116.6024 6576.7815 1.0007 2.9990 1.6264 4.1541 0.1021 0.1289 0.0357 0.0422 12.7196 102.6534 
135.9252 8830.7491 0.7863 1.8234 1.6611 3.8139 0.1447 0.1830 0.0203 0.0230 8.8763 51.4393 
137.7539 9002.2153 1.7240 4.5306 1.9788 4.4099 0.3346 0.4337 0.2487 0.3026 5.1076 16.0400 
125.8507 7509.4855 0.9671 1.5980 1.1698 1.8073 0.5950 0.7870 0.5941 0.7839 1.8978 3.3792 
punto 19 de la ventana (1)in_(0)out:
0
434 264 68 164.5795 11069.3169 4.9818 25.3351 4.5847 28.4206 0.0000 0.0000 0.0000 0.0000 13.7045 94.0271 
144.0993 9871.8244 4.7520 26.8249 9.3785 73.5791 0.0062 0.0070 0.5986 1.1960 12.8773 105.6224 
162.0866 12390.6656 3.2710 13.8471 7.2231 36.3982 0.0389 0.0478 0.0314 0.0356 9.3159 53.4459 
159.3049 11963.3854 2.4884 6.6744 2.1675 5.8653 0.2112 0.2595 0.2189 0.2651 5.2661 16.6348 
134.0646 8531.4605 1.1501 2.0878 0.9560 1.4294 0.5783 0.7626 0.5785 0.7605 2.2286 4.2096 
punto 20 de la ventana (1)in_(0)out:
0
434 280 92 221.8945 20410.6845 18.0120 174.9199 16.5645 179.5292 0.0000 0.0000 0.6895 3.2788 27.4985 365.2172 
186.7792 16590.9836 10.6921 86.6228 6.2431 40.2776 0.0061 0.0076 0.6908 2.6330 17.1659 160.3056 
179.8139 14821.9989 3.9171 18.9893 1.4176 3.3777 0.0293 0.0338 0.0100 0.0110 9.4911 50.8812 
160.6674 12187.3447 2.3100 6.8617 0.8455 1.5864 0.1944 0.2374 0.2036 0.2441 5.1052 15.8725 
132.8042 8385.3573 1.2149 2.2376 0.7474 1.0776 0.5778 0.7617 0.5893 0.7769 2.2607 4.2945 
punto 21 de la ventana (1)in_(0)out:
0
450 216 30 76.2846 2407.8855 1.3318 4.0362 0.9243 1.8871 0.0000 0.0000 0.0000 0.0000 9.5330 47.7705 
73.7267 2596.4467 2.0285 6.7218 0.7729 1.5242 0.6190 1.0746 0.0181 0.0200 7.9949 37.0839 
85.5493 3366.9552 0.8522 1.5357 0.5960 0.8436 0.2099 0.2703 0.0784 0.0888 3.8978 10.8627 
95.6142 4284.3057 1.4104 3.2103 0.8286 1.3148 0.4337 0.5558 0.3817 0.4783 2.9120 6.5360 
107.3891 5414.1940 0.9873 1.5110 0.8550 1.2298 0.6267 0.8337 0.6304 0.8383 1.4433 2.3130 
punto 22 de la ventana (1)in_(0)out:
0
450 232 74 159.9077 10535.2991 6.5455 54.4833 11.9808 82.5491 0.0000 0.0000 0.0001 0.0001 18.0757 155.3725 
125.6622 7568.1728 6.8907 57.5269 7.4279 34.3136 0.0817 0.1483 0.0259 0.0363 13.6809 101.8972 
114.9433 6176.4310 3.3338 13.8867 3.9904 11.6957 0.0836 0.1047 0.0402 0.0453 6.7185 26.9189 
107.3532 5434.3430 1.6534 3.4263 1.8201 3.5213 0.3769 0.4791 0.3426 0.4270 3.2608 7.5793 
112.2794 5938.7452 0.8539 1.2687 1.0372 1.5598 0.6187 0.8216 0.6175 0.8189 1.5211 2.4763 
punto 23 de la ventana (1)in_(0)out:
0
450 248 71 177.9261 12994.7371 0.0006 0.0006 3.1118 10.8817 0.0000 0.0000 0.0000 0.0000 16.3759 121.5575 
154.7591 11424.5227 0.0460 0.1197 2.5423 8.8440 0.0000 0.0000 0.0236 0.0306 12.5113 78.9792 
144.5134 9807.5120 1.8400 9.2002 2.0089 5.2309 0.0493 0.0613 0.0123 0.0136 9.4287 47.5803 
124.0268 7311.9323 1.7488 4.2752 1.2695 2.3543 0.3672 0.4786 0.2785 0.3406 4.6712 14.4603 
120.1332 6854.6154 0.7127 1.0487 1.0531 1.5993 0.6060 0.8029 0.6023 0.7962 1.7651 3.0726 
punto 24 de la ventana (1)in_(0)out:
0
450 264 25 77.6026 2665.8875 0.6587 1.6050 1.2855 4.1184 0.0187 0.0218 1.5896 8.7423 21.1079 229.4398 
87.6169 4083.0280 0.8155 2.6208 2.0110 9.6177 1.2320 2.6213 0.9500 2.0848 19.5180 234.8391 
121.1069 7522.4009 0.9894 3.2116 2.3316 7.2186 0.4071 0.5985 0.1654 0.2185 12.3234 91.6800 
128.6992 8196.9338 0.7744 1.7897 1.4895 3.1440 0.3719 0.4875 0.2941 0.3651 5.4789 19.4067 
124.9888 7493.7794 0.6516 1.0275 0.9010 1.3284 0.5959 0.7883 0.5939 0.7837 2.0507 3.7820 
punto 25 de la ventana (1)in_(0)out:
0
450 280 57 132.5912 7349.4687 13.8218 99.9018 1.8622 6.9943 0.0000 0.0000 0.0000 0.0000 19.5641 183.2393 
117.1787 6599.6895 8.4396 54.9688 1.2113 3.7639 0.1242 0.1691 0.4096 0.9802 11.9158 83.0620 
127.9420 7505.0583 3.0156 10.3285 1.2468 2.7430 0.0744 0.0887 0.0602 0.0717 6.8637 27.8056 
129.0792 7916.4268 0.6276 1.1060 1.0796 1.9498 0.3055 0.3813 0.2836 0.3488 4.0051 10.9342 
124.3238 7430.0239 0.6330 1.0230 0.8096 1.1742 0.5920 0.7823 0.6030 0.7975 2.0946 3.8758 
punto de referencia 2
punto 1 de la ventana (1)in_(0)out:
0
377 200 74 170.2745 11823.7377 3.6712 12.8952 6.4257 34.3386 0.0000 0.0000 0.0000 0.0000 8.8122 48.1282 
143.9989 9758.4676 4.0154 16.8463 3.9412 12.9413 0.0000 0.0000 0.0337 0.0433 7.8627 36.5499 
138.4120 8904.4883 3.3791 11.4659 0.5539 1.0231 0.0191 0.0220 0.0491 0.0616 7.3929 34.8538 
131.5587 8719.4520 2.2520 5.1501 0.2355 0.3877 0.2717 0.3360 0.3247 0.4104 5.2471 17.4757 
136.2937 9931.0441 1.2865 2.2149 0.3403 0.4831 0.5752 0.7572 0.6126 0.8148 3.4512 9.2006 
punto 2 de la ventana (1)in_(0)out:
1
377 216 28 76.3531 2381.6314 2.1263 4.1533 2.0647 5.5618 0.0000 0.0000 0.0000 0.0000 5.2846 16.4317 
69.6821 2281.7260 1.3098 2.2708 1.3880 2.9775 0.0052 0.0055 0.1278 0.1634 3.4481 8.5013 
72.6055 2394.6941 1.0887 2.0783 1.4433 2.5879 0.1333 0.1575 0.1696 0.2101 2.2869 5.1536 
86.7815 3642.0808 1.9213 4.2582 1.2437 2.1686 0.4288 0.5467 0.4610 0.5940 3.1562 8.3862 
104.6060 5399.2514 1.3405 2.1611 0.8204 1.2578 0.6232 0.8281 0.6551 0.8771 2.2420 4.6721 
punto 3 de la ventana (1)in_(0)out:
1
377 232 55 132.6442 7233.4188 10.8307 59.3698 3.5694 14.2390 0.0000 0.0000 0.0000 0.0000 13.2002 77.2898 
110.3092 5781.3733 5.9210 23.8226 3.6852 12.7711 0.0048 0.0052 0.0044 0.0048 8.0291 35.7860 
112.3038 5828.5972 3.0816 7.7756 2.8640 6.6127 0.0491 0.0556 0.0358 0.0404 4.6530 13.1778 
108.5981 5586.4342 1.5916 2.9126 1.8642 3.4259 0.3346 0.4158 0.3136 0.3867 2.6320 5.3945 
106.0673 5411.3186 1.2407 1.9265 1.2165 1.9025 0.6195 0.8222 0.6347 0.8454 1.7348 2.9308 
punto 4 de la ventana (1)in_(0)out:
1
377 248 41 102.6282 4366.3254 8.6873 51.7038 0.6793 1.8524 0.0000 0.0000 1.5956 14.6973 12.8245 86.9307 
93.8886 4238.4784 7.2024 40.7816 1.5243 5.2501 0.0363 0.0415 0.6550 1.8906 9.9407 59.2153 
113.9066 6047.2473 4.4748 16.6223 1.5710 3.9864 0.0991 0.1170 0.0924 0.1115 6.3919 23.8183 
124.5018 7302.2505 2.1424 4.6530 1.4667 2.6333 0.3036 0.3779 0.3019 0.3712 2.9856 6.7769 
122.2579 7173.8743 1.2170 1.9229 1.3591 2.1628 0.5905 0.7786 0.6014 0.7949 1.8481 3.1863 
punto 5 de la ventana (1)in_(0)out:
1
377 264 82 180.2975 13544.0969 16.2695 131.7123 15.6038 131.1760 0.0000 0.0000 4.5272 52.3251 23.7075 263.2178 
160.9084 12500.6077 9.4990 69.8624 11.3405 96.2331 0.0060 0.0066 0.0861 0.1142 16.1736 166.6660 
171.9836 13829.4505 5.0704 20.9743 6.0013 28.6603 0.0279 0.0321 0.0258 0.0303 9.1964 52.3430 
158.1329 11785.2151 2.0129 4.5230 2.4352 5.3374 0.2100 0.2551 0.2043 0.2450 4.1178 10.9364 
137.3189 8975.6849 1.1520 1.8778 1.1851 1.8808 0.5656 0.7416 0.5733 0.7529 2.0410 3.6393 
punto 6 de la ventana (1)in_(0)out:
0
393 200 61 147.3173 8973.4357 6.2933 26.4625 1.3847 10.2524 0.0000 0.0000 0.3383 0.9374 17.2596 150.5324 
121.2028 6929.4171 3.0676 9.9581 3.1042 15.4760 0.0025 0.0027 0.4617 1.0165 9.5422 53.1229 
131.6634 7920.4323 0.7737 1.2989 2.9507 10.7544 0.0206 0.0227 0.1167 0.1448 5.7140 21.5757 
140.2388 9205.4157 0.7894 1.6352 0.9884 1.8887 0.2393 0.2892 0.2770 0.3444 3.6116 9.0978 
136.0337 9174.1380 0.7883 1.2136 0.4314 0.5907 0.5757 0.7567 0.5967 0.7889 2.4464 5.2017 
punto 7 de la ventana (1)in_(0)out:
0
393 216 49 126.3527 6665.3412 0.5714 1.1182 0.0044 0.0053 0.0000 0.0000 0.0000 0.0000 17.7370 159.6354 
112.6195 6303.5690 0.5860 1.1269 0.0533 0.0999 0.0012 0.0013 0.2523 0.5509 14.9347 136.7018 
115.4944 6420.4474 2.4489 11.0611 0.5740 1.3948 0.0816 0.0973 0.2218 0.3107 9.1432 51.7674 
114.5638 6231.0126 1.6238 3.5975 1.0137 1.9305 0.3179 0.3969 0.3624 0.4620 3.8064 10.2961 
116.4993 6474.7470 1.0331 1.5885 0.7524 1.1217 0.5999 0.7926 0.6263 0.8329 1.8625 3.4327 
punto 8 de la ventana (1)in_(0)out:
1
393 232 53 125.7407 6520.3185 0.1355 0.2454 8.3678 45.7798 0.0000 0.0000 1.3616 5.8436 13.6832 87.4777 
113.8629 6123.8966 1.0471 3.7402 4.1873 19.2360 0.1663 0.2864 0.5768 1.2969 7.9928 40.3907 
125.8143 7191.1967 1.8750 5.6008 1.9725 4.3110 0.0546 0.0644 0.0309 0.0355 4.1088 11.8853 
120.9407 6853.5282 1.0660 1.8057 1.9334 3.5856 0.3029 0.3784 0.2967 0.3663 2.8153 5.9526 
115.9121 6347.4743 1.0268 1.5766 1.0653 1.6350 0.6052 0.8008 0.6193 0.8220 1.6767 2.8195 
punto 9 de la ventana (1)in_(0)out:
1
393 248 58 148.4894 9062.6919 2.0697 5.5207 12.5304 78.4229 0.0000 0.0000 0.0000 0.0000 13.6728 88.4205 
131.9632 8283.2242 2.3733 8.0753 7.9331 46.4938 0.0002 0.0002 0.3695 0.8576 10.2826 60.8025 
143.8602 9407.0191 1.5525 3.7389 2.4671 7.3894 0.0153 0.0167 0.0543 0.0676 5.3361 16.9321 
137.7328 8817.2386 0.8404 1.5516 1.1587 1.8780 0.2308 0.2796 0.2508 0.3037 2.7361 6.0019 
126.1250 7534.9019 0.9072 1.4172 1.1551 1.7830 0.5948 0.7856 0.5944 0.7843 1.8176 3.1291 
punto 10 de la ventana (1)in_(0)out:
1
393 264 71 159.0012 10481.5504 14.6489 128.7702 4.9891 60.2540 0.0000 0.0000 9.4964 305.0176 22.5176 250.9071 
138.3208 9188.1771 9.0118 65.3825 7.3242 92.9188 0.2695 0.8970 2.6068 24.6163 16.9398 186.3300 
152.3051 10600.2542 2.4373 7.5831 3.6623 16.9482 0.1657 0.2703 0.2043 0.3500 8.2074 41.0517 
148.8760 10355.1087 0.4202 0.6858 1.3254 2.3304 0.2162 0.2596 0.2179 0.2620 3.0893 6.9521 
133.5767 8471.7142 0.7363 1.1579 0.9410 1.4252 0.5875 0.7749 0.5785 0.7606 1.9726 3.4755 
punto 11 de la ventana (1)in_(0)out:
0
409 200 51 133.3922 7544.0813 18.7016 185.0689 0.0583 0.1618 0.0000 0.0000 0.0000 0.0000 23.9267 270.9540 
122.0223 7329.7957 10.8914 96.1414 0.9036 4.8188 0.4268 0.7915 0.2453 0.7331 16.4851 160.0725 
131.3524 7973.4435 3.9229 18.8563 1.5388 4.4258 0.1950 0.2878 0.0728 0.0884 7.7429 36.7183 
127.7929 7577.6719 0.8813 1.4844 0.8909 1.4651 0.2789 0.3427 0.2752 0.3379 2.7817 5.8996 
123.9430 7329.8905 0.5863 0.8175 0.5937 0.8107 0.6021 0.7959 0.6064 0.8025 1.6935 2.9447 
punto 12 de la ventana (1)in_(0)out:
0
409 216 76 179.1582 13265.5705 16.3888 164.4125 7.6787 41.9189 0.0000 0.0000 0.0141 0.0199 21.4203 212.7269 
143.9726 9929.9240 9.8324 82.1636 5.1584 22.9402 0.1360 0.2237 0.0290 0.0395 14.7490 119.9674 
131.1518 7948.0187 3.3928 16.0100 2.8562 8.2278 0.0943 0.1183 0.0254 0.0290 8.2734 40.9669 
117.9019 6490.3850 1.2106 2.6180 1.0991 1.9563 0.3254 0.4114 0.3191 0.3964 3.4384 8.4149 
116.5422 6385.5995 0.7224 1.0237 0.7798 1.1205 0.6045 0.7994 0.6169 0.8181 1.4429 2.3250 
punto 13 de la ventana (1)in_(0)out:
1
409 232 39 100.1198 4254.0126 15.8542 122.6632 0.1919 0.3755 0.0000 0.0000 0.0000 0.0000 18.3262 155.3277 
94.0874 4502.6020 14.0461 123.4596 0.5686 1.3825 0.4574 0.7128 0.0586 0.0754 15.5158 139.1702 
113.1727 6176.3729 6.7122 41.5203 1.5734 4.1125 0.5111 0.7767 0.0727 0.0870 10.8744 66.5895 
117.4654 6443.6798 1.7319 4.3493 1.1000 1.9542 0.3841 0.5055 0.3014 0.3709 3.8867 10.1706 
117.7246 6505.6837 0.8581 1.3045 0.9687 1.4407 0.6063 0.8028 0.6122 0.8110 1.5337 2.5279 
punto 14 de la ventana (1)in_(0)out:
1
409 248 42 103.8358 4394.0015 2.4069 6.0288 2.8841 6.7536 0.0000 0.0000 0.0000 0.0000 5.3999 15.8726 
87.2496 3582.9745 1.2977 3.1155 1.5359 3.4441 0.0245 0.0300 0.0126 0.0147 4.9177 15.8136 
93.4312 4063.7185 0.9722 3.1678 0.7268 1.2105 0.1831 0.2373 0.0846 0.0990 5.0340 18.3715 
111.6283 5929.6060 1.9502 6.0171 0.8622 1.4624 0.4242 0.5509 0.3316 0.4125 4.2111 12.1437 
123.7090 7216.2529 0.9753 1.6285 0.9826 1.4574 0.6086 0.8072 0.5970 0.7881 1.8209 3.1802 
punto 15 de la ventana (1)in_(0)out:
1
409 264 34 91.7192 3496.9199 0.8956 2.1349 9.0503 53.2875 0.0000 0.0000 1.1297 5.7110 13.7088 85.5491 
90.4750 3919.7011 0.8082 2.0086 5.2993 23.8425 0.1058 0.1394 0.6778 1.5479 9.5701 49.6148 
104.9251 5113.9056 0.4893 0.9856 2.4554 5.7321 0.1046 0.1289 0.0597 0.0683 5.2282 16.4523 
111.8330 5926.7038 1.1527 3.1948 1.1907 1.9600 0.3889 0.4945 0.3228 0.3995 3.4122 8.5399 
126.3616 7563.5852 1.0710 1.9198 0.8074 1.1561 0.6144 0.8163 0.5902 0.7779 2.0517 3.7230 
punto 16 de la ventana (1)in_(0)out:
0
425 200 46 108.8502 4833.9723 0.5865 0.9784 1.1277 2.1558 0.0000 0.0000 0.0000 0.0000 6.7842 23.1551 
93.2523 4089.3272 0.3319 0.5606 1.1277 2.0112 0.0203 0.0251 0.0180 0.0212 4.4558 13.5956 
102.0237 4803.1162 0.1967 0.2623 1.5198 2.8068 0.0698 0.0802 0.0544 0.0612 4.2620 12.1584 
106.6913 5353.6395 0.6340 1.0425 0.8404 1.2849 0.3618 0.4537 0.3400 0.4226 2.8012 5.9481 
112.9679 6013.1960 0.6645 0.9230 0.6473 0.8861 0.6212 0.8247 0.6212 0.8246 1.4399 2.3083 
punto 17 de la ventana (1)in_(0)out:
0
425 216 33 83.1221 2815.5821 0.6641 1.1769 1.7048 3.9791 0.0000 0.0000 0.0089 0.0103 4.4261 11.4536 
75.1633 2657.6360 1.4695 4.0956 0.4459 0.6913 0.0247 0.0278 0.0607 0.0740 3.7346 10.6793 
89.5288 3696.2031 2.7328 9.8820 1.0428 2.3640 0.1494 0.1850 0.1036 0.1196 4.4761 15.0613 
104.0099 5072.7787 1.2853 2.7968 1.3074 2.3170 0.3963 0.5067 0.3602 0.4519 3.3508 8.0567 
109.7074 5648.2048 0.6566 0.9042 0.8631 1.2430 0.6220 0.8260 0.6267 0.8327 1.3225 2.0583 
punto 18 de la ventana (1)in_(0)out:
0
425 232 51 121.6513 6020.6521 0.6684 1.0323 1.8986 3.8447 0.0000 0.0000 0.0000 0.0000 3.9705 10.4059 
102.4155 4922.5205 0.6773 1.2644 1.0480 2.0147 0.0028 0.0032 0.0009 0.0010 3.6293 10.3963 
107.4262 5250.5232 1.5063 4.5296 1.9614 6.5890 0.0903 0.1097 0.0893 0.1105 3.8865 14.1517 
116.5097 6395.9073 1.3447 2.9920 1.9304 4.5053 0.3357 0.4255 0.3321 0.4144 3.8772 10.6790 
115.3807 6270.3359 0.8085 1.2207 1.0735 1.6212 0.6128 0.8129 0.6149 0.8150 1.5144 2.4900 
punto 19 de la ventana (1)in_(0)out:
0
425 248 92 224.0297 20619.5895 18.2650 166.1316 3.0001 11.0347 0.0000 0.0000 0.0000 0.0000 20.6543 195.1919 
191.9180 17394.5905 7.9601 55.9442 2.3563 7.1088 0.0071 0.0080 0.0002 0.0002 12.2066 87.6708 
183.4783 15372.5894 4.1204 20.2548 2.0708 7.4865 0.0096 0.0108 0.0023 0.0025 8.5068 45.0271 
140.8958 9460.4110 2.6891 8.4913 1.6447 4.0108 0.2722 0.3474 0.2371 0.2885 5.3994 17.7830 
125.3121 7427.4608 1.0792 1.8347 1.1016 1.6809 0.5988 0.7928 0.5949 0.7850 1.8938 3.3712 
punto 20 de la ventana (1)in_(0)out:
0
425 264 79 187.3322 14416.1398 14.8131 130.9651 1.7781 4.5658 0.0000 0.0000 0.0000 0.0000 17.4475 156.2789 
151.8177 11013.2727 10.5127 85.0522 1.1121 4.0038 0.0288 0.0379 0.0081 0.0103 13.8505 113.4363 
144.7458 9798.0788 5.8880 30.2771 1.2534 3.1329 0.0773 0.0978 0.0284 0.0322 8.7443 44.6352 
137.9206 9157.6510 3.3797 9.9183 1.2405 2.9494 0.2970 0.3761 0.2731 0.3345 4.8606 14.8133 
131.6457 8222.5101 1.3416 2.4783 0.9044 1.3345 0.5900 0.7802 0.5819 0.7656 2.2024 4.1392 
punto 21 de la ventana (1)in_(0)out:
0
441 200 58 138.2603 7827.9987 4.4912 12.6395 8.6885 37.8169 0.0000 0.0000 0.0000 0.0000 10.4855 48.5743 
116.0842 6392.1388 3.5878 11.1505 5.7889 23.6605 0.0001 0.0001 0.0002 0.0002 7.9089 34.0026 
110.5137 5622.6842 2.9759 9.1297 2.3997 6.4311 0.0483 0.0579 0.0738 0.0891 5.4085 17.7082 
102.8185 4916.4563 1.2535 2.2866 0.7929 1.2011 0.3508 0.4401 0.3635 0.4537 2.5079 5.0714 
109.9354 5695.2002 0.8887 1.3099 0.6103 0.8299 0.6255 0.8315 0.6253 0.8307 1.4526 2.3263 
punto 22 de la ventana (1)in_(0)out:
0
441 216 39 100.6953 4167.0948 6.2644 25.3967 0.1015 0.1766 0.0000 0.0000 0.0000 0.0000 9.3561 46.6748 
92.9452 4125.9616 4.9324 20.4309 0.7793 2.0136 0.0786 0.0996 0.1096 0.1978 8.6534 44.3865 
105.2819 5141.8280 2.2265 7.7132 1.9241 6.2373 0.2689 0.3869 0.0557 0.0632 7.0767 33.2830 
101.9949 4870.1122 1.0032 2.0593 1.0549 1.7946 0.3716 0.4735 0.3497 0.4353 2.9790 6.7370 
105.9390 5261.3768 0.8724 1.2955 0.8861 1.2841 0.6322 0.8418 0.6338 0.8435 1.3990 2.2202 
punto 23 de la ventana (1)in_(0)out:
0
441 232 36 88.5573 3194.8841 0.5065 0.7511 2.8922 8.2169 0.0000 0.0000 0.3658 2.0320 4.4614 12.1348 
79.0369 2936.6371 0.6083 0.9779 1.7188 3.7297 0.0083 0.0091 0.0733 0.0975 3.6702 10.1649 
91.9145 3905.8462 1.8063 5.9094 1.0958 2.1256 0.1682 0.2088 0.0839 0.0959 4.8644 18.7591 
105.9347 5292.1759 1.4096 3.0909 1.5879 3.1138 0.3968 0.5121 0.3639 0.4563 3.7471 9.8163 
112.9454 6021.2096 0.8354 1.2487 1.1231 1.7124 0.6174 0.8198 0.6181 0.8198 1.5495 2.5456 
punto 24 de la ventana (1)in_(0)out:
0
441 248 52 129.2917 6806.3134 1.6087 7.2269 3.3060 9.2330 0.0000 0.0000 0.0000 0.0000 5.8660 21.3817 
115.9459 6338.0529 4.9188 33.2907 3.0340 10.4939 0.1677 0.2515 0.0293 0.0436 7.0139 44.5125 
128.9330 7848.4102 5.5322 26.1096 3.5581 9.1682 0.1465 0.1846 0.0258 0.0298 7.7141 37.8303 
131.0056 8112.4366 1.9569 5.1238 1.9150 3.8157 0.3617 0.4713 0.2645 0.3221 5.0609 16.0116 
124.4100 7349.6314 0.8477 1.3485 1.1585 1.7883 0.5945 0.7859 0.5961 0.7870 1.8819 3.3399 
punto 25 de la ventana (1)in_(0)out:
0
441 264 84 209.4609 18108.4296 12.3299 92.1013 17.1110 150.2471 0.0000 0.0000 0.0000 0.0000 22.5823 240.4317 
183.4361 16136.0020 9.3906 83.0390 10.3374 74.9197 0.1217 0.2116 0.0168 0.0252 16.4085 158.8167 
182.8048 15563.5617 4.5986 26.0573 5.5211 27.7663 0.0627 0.0841 0.0162 0.0183 11.4623 77.8444 
156.9732 11709.1937 1.5675 3.9399 2.1430 5.5741 0.2475 0.3139 0.2184 0.2649 5.7530 19.9255 
132.2774 8333.8710 0.9208 1.6133 0.9581 1.4329 0.5787 0.7629 0.5818 0.7656 2.2055 4.1531 
punto de referencia 3
punto 1 de la ventana (1)in_(0)out:
0
362 188 102 238.1528 23170.9661 7.3599 43.9710 3.0292 13.0361 0.0000 0.0000 0.0000 0.0000 16.5194 169.8163 
198.8490 18834.0188 7.5257 40.0258 1.6297 6.2999 0.0000 0.0000 0.5422 1.8678 17.0386 173.0184 
200.0300 19397.7484 6.8570 27.4057 0.0360 0.1501 0.0081 0.0093 0.0254 0.0302 14.1444 99.1086 
182.7262 17851.6216 3.6913 11.4491 0.0210 0.0259 0.2048 0.2537 0.2390 0.3007 8.9871 45.5757 
174.4416 16925.8809 1.5465 2.9269 0.3550 0.6503 0.5346 0.6994 0.5512 0.7277 4.8989 15.9901 
punto 2 de la ventana (1)in_(0)out:
1
362 204 23 57.6987 1361.1594 0.4979 0.7286 1.0370 1.9746 0.0000 0.0000 0.0003 0.0003 4.0825 9.5996 
53.2771 1337.0516 0.6062 0.8667 1.3267 2.9407 0.0289 0.0319 0.1273 0.1541 3.1257 7.0592 
62.5287 1798.1110 1.1242 2.1377 1.2570 2.3435 0.1634 0.1912 0.2381 0.2895 2.9534 7.8274 
78.5927 3189.9653 1.9144 4.0590 0.6861 1.0412 0.4534 0.5805 0.5212 0.6796 3.5982 12.3792 
109.8354 6792.2028 1.4614 2.5552 0.4997 0.7344 0.6265 0.8346 0.6652 0.8942 3.3724 9.6642 
punto 3 de la ventana (1)in_(0)out:
1
362 220 51 112.9098 5212.5565 2.2895 7.3549 4.0410 15.3571 0.0000 0.0000 0.0000 0.0000 9.9454 51.1634 
87.3741 3604.6515 1.6539 4.1963 3.0827 12.0066 0.0008 0.0008 0.1363 0.2604 7.0982 29.5786 
82.9670 3130.6541 1.3629 2.2359 1.9110 4.1443 0.0647 0.0725 0.1458 0.1788 2.9829 6.4783 
78.2361 2874.2805 1.1390 1.7601 1.4504 2.3112 0.4173 0.5272 0.4319 0.5481 1.7670 2.9837 
87.9265 3764.3994 1.2099 1.8982 0.9655 1.4567 0.6585 0.8818 0.6723 0.9030 1.8632 3.5675 
punto 4 de la ventana (1)in_(0)out:
1
362 236 47 123.0812 6181.5153 1.9023 5.2631 2.7949 10.6942 0.0000 0.0000 0.0000 0.0000 8.5492 34.2617 
106.7110 5344.9577 2.0567 6.0418 2.1698 6.7399 0.0005 0.0005 0.0651 0.0823 5.0609 17.5337 
105.5325 5049.9613 1.7943 3.8832 1.1915 2.0506 0.0505 0.0596 0.0417 0.0476 3.0256 7.1408 
96.2926 4314.6918 1.3107 2.0944 1.1813 1.8290 0.3620 0.4512 0.3545 0.4405 1.7060 2.8843 
95.8752 4435.9419 1.2094 1.8547 1.2174 1.8707 0.6445 0.8601 0.6420 0.8563 1.5604 2.5468 
punto 5 de la ventana (1)in_(0)out:
1
362 252 47 114.8856 5402.0080 2.0017 4.0007 7.0424 31.3586 0.0000 0.0000 0.0000 0.0000 8.6462 41.2365 
97.8583 4520.0148 2.0644 5.4321 4.4354 16.2001 0.0039 0.0042 0.4072 1.4045 6.3932 24.1515 
107.0528 5225.1879 1.8071 3.8505 2.1364 4.4290 0.0516 0.0587 0.0569 0.0658 3.5163 8.3890 
107.8841 5434.7555 1.3631 2.2753 1.4941 2.5701 0.3314 0.4108 0.3396 0.4205 2.0494 3.8285 
111.7861 6075.6256 1.3869 2.2242 1.3175 2.0722 0.6199 0.8230 0.6173 0.8188 1.7681 3.0255 
punto 6 de la ventana (1)in_(0)out:
0
378 188 66 181.8056 14176.6379 21.0696 298.4493 3.5366 50.4289 0.0000 0.0000 5.8397 60.7429 37.6491 757.6349 
181.7511 16034.1855 10.9835 112.4513 5.6346 55.3535 0.1653 0.2580 2.8850 20.0575 25.5019 376.7776 
205.1534 19276.0638 2.6219 9.2765 1.0329 2.9841 0.0111 0.0124 0.1104 0.1555 9.6058 54.5743 
200.3427 19363.2857 0.8970 1.6805 0.2299 0.5120 0.1348 0.1580 0.1477 0.1756 5.9143 20.0166 
176.9751 16255.6541 0.9662 1.7143 0.3728 0.6335 0.5196 0.6754 0.5325 0.6966 4.0354 11.2426 
punto 7 de la ventana (1)in_(0)out:
0
378 204 71 169.0612 11949.8779 4.5116 19.4044 1.1145 9.7795 0.0000 0.0000 0.0000 0.0000 25.2764 296.0955 
131.7785 8468.3662 4.9917 23.1637 1.3425 5.0765 0.0009 0.0010 0.0755 0.1085 16.7090 157.7359 
118.5708 6778.5355 4.3431 15.4088 0.6644 1.3948 0.0537 0.0624 0.1917 0.2605 8.6363 47.2103 
115.7702 6740.9669 2.4817 5.8423 0.3865 0.6411 0.3215 0.4028 0.3721 0.4752 4.7825 15.3219 
125.6333 8291.5708 1.3086 2.2088 0.4430 0.6499 0.5903 0.7794 0.6299 0.8400 3.1045 7.8654 
punto 8 de la ventana (1)in_(0)out:
1
378 220 30 77.3542 2442.9404 0.8532 1.2462 0.3457 0.6080 0.0000 0.0000 0.0000 0.0000 4.1342 10.3802 
67.8259 2160.5125 0.9740 2.0034 1.2357 3.1218 0.0284 0.0341 0.2370 0.5236 3.2459 8.0800 
77.5202 2746.7140 1.2946 2.6610 1.9716 3.9894 0.1307 0.1552 0.1349 0.1612 2.8601 6.6774 
89.2525 3812.4770 1.6650 3.4564 1.6308 2.9756 0.4140 0.5256 0.4431 0.5675 2.9325 7.1616 
103.4783 5199.9975 1.3089 2.0791 0.9316 1.4362 0.6244 0.8298 0.6520 0.8721 2.0195 3.8706 
punto 9 de la ventana (1)in_(0)out:
1
378 236 57 141.7851 8249.8889 10.8782 58.5880 4.1982 13.4255 0.0000 0.0000 0.0000 0.0000 12.3158 72.8040 
123.9298 7289.2578 7.2579 31.6482 2.5685 7.5373 0.0014 0.0015 0.0364 0.0497 8.6876 42.1015 
125.4341 7236.2050 3.7337 10.0951 2.1746 4.8575 0.0327 0.0367 0.0287 0.0330 5.0010 14.7470 
116.0916 6347.7550 1.7867 3.4551 1.5971 2.8684 0.3125 0.3867 0.2867 0.3501 2.6937 5.6049 
110.2579 5839.5304 1.2140 1.8824 1.2774 2.0101 0.6117 0.8104 0.6258 0.8318 1.7404 2.9337 
punto 10 de la ventana (1)in_(0)out:
1
378 252 51 124.7625 6566.8658 11.7745 67.5933 13.7693 143.1983 0.0000 0.0000 1.7399 8.2862 20.6428 211.4966 
110.7348 5972.4002 9.2611 50.8559 6.8963 37.6823 0.0158 0.0177 0.9925 3.5070 13.0341 90.5690 
123.6078 7178.9980 5.1327 20.1113 2.9794 7.9227 0.0921 0.1093 0.0816 0.0988 7.0832 28.4880 
131.7445 8207.1535 2.1641 4.8240 1.8917 3.7000 0.2848 0.3539 0.2908 0.3567 3.3377 8.0440 
127.2565 7750.6190 1.1860 1.8885 1.3377 2.1322 0.5817 0.7654 0.5922 0.7810 1.9072 3.3253 
punto 11 de la ventana (1)in_(0)out:
0
394 188 80 196.0429 15643.0785 0.5156 0.9852 2.2420 8.6080 0.0000 0.0000 0.0000 0.0000 7.7829 33.9086 
172.9505 14037.3578 0.5285 0.9254 2.9559 9.4900 0.0000 0.0000 0.0009 0.0010 5.8581 22.8713 
169.7583 13242.5596 0.3098 0.5496 2.3748 7.0758 0.0094 0.0107 0.0281 0.0349 7.4800 33.5646 
158.8047 12009.6447 0.2709 0.3689 0.7760 1.3713 0.2205 0.2657 0.2363 0.2900 4.3458 12.0743 
157.6629 12358.1880 0.4852 0.7172 0.4263 0.6097 0.5552 0.7265 0.5568 0.7297 2.8240 6.2271 
punto 12 de la ventana (1)in_(0)out:
0
394 204 65 152.4119 9538.8674 4.6819 15.9016 11.0877 69.6991 0.0000 0.0000 0.0000 0.0000 13.2678 84.5305 
132.3199 8308.8115 2.6894 6.8024 7.5036 40.4141 0.0013 0.0014 0.2210 0.3944 9.3684 51.3550 
141.6772 9223.3302 1.0848 2.4323 4.2572 15.7270 0.0210 0.0235 0.0610 0.0738 6.3907 25.1018 
134.0237 8385.1250 1.0185 2.2509 1.0321 1.9790 0.2561 0.3121 0.2843 0.3537 3.6133 9.3058 
129.1999 8177.3710 0.8488 1.3010 0.5047 0.7098 0.5838 0.7686 0.6073 0.8045 2.2284 4.5381 
punto 13 de la ventana (1)in_(0)out:
1
394 220 32 82.6008 2817.6357 1.6293 3.7769 0.9059 4.0380 0.0000 0.0000 0.1140 0.1700 9.3818 46.2782 
76.9714 2804.1791 1.8968 5.1272 1.9975 7.8544 0.0424 0.0507 0.5950 1.2881 6.9225 28.9187 
99.0159 4558.8324 1.9489 5.3792 2.1911 6.4811 0.0805 0.0930 0.2521 0.3423 6.6257 28.9395 
111.0442 5809.3455 1.4905 3.0669 1.2245 2.3196 0.3355 0.4212 0.3827 0.4881 3.4945 8.9047 
115.1296 6279.5894 1.0298 1.5753 0.8351 1.2539 0.6027 0.7968 0.6266 0.8332 1.7449 3.0731 
punto 14 de la ventana (1)in_(0)out:
1
394 236 65 147.5527 8883.8834 1.7724 4.6827 1.0652 3.8244 0.0000 0.0000 0.0000 0.0000 9.5860 45.8851 
120.5266 6832.5907 2.2212 6.8603 2.1288 9.4740 0.0332 0.0476 0.1270 0.2535 7.1745 31.8956 
131.4435 7862.5228 2.4205 7.3719 1.7667 3.5383 0.0512 0.0595 0.0328 0.0376 4.6569 14.3301 
127.3117 7555.9001 0.9806 1.6946 1.6993 3.0301 0.2872 0.3587 0.2591 0.3139 2.8019 6.0399 
118.1833 6597.8351 0.9930 1.5294 1.1056 1.6996 0.6036 0.7985 0.6138 0.8135 1.6920 2.8497 
punto 15 de la ventana (1)in_(0)out:
1
394 252 73 174.5843 12460.1134 0.1705 0.5061 1.9157 5.2700 0.0000 0.0000 0.0000 0.0000 11.8831 66.3416 
149.7086 10572.2860 0.5621 1.2281 2.3419 8.2838 0.0037 0.0040 0.0005 0.0005 8.5346 43.3183 
145.7691 9664.5142 0.9509 2.0674 1.9730 5.6962 0.0156 0.0174 0.0326 0.0388 5.3516 17.4315 
138.1841 8916.1267 0.6200 1.0797 1.2281 2.0478 0.2311 0.2798 0.2599 0.3162 2.8547 6.3798 
128.5010 7820.5372 0.8654 1.3651 1.1073 1.7006 0.5933 0.7835 0.5886 0.7755 1.8727 3.2556 
punto 16 de la ventana (1)in_(0)out:
0
410 188 60 150.8003 9316.7816 0.7399 2.3433 8.9038 74.4757 0.0000 0.0000 0.0000 0.0000 13.2482 100.7086 
139.8084 9229.6249 2.2379 9.2814 6.1436 42.7887 0.0037 0.0041 0.1521 0.2316 9.6850 61.1683 
136.2916 8454.0841 1.4130 3.2194 2.8059 7.0375 0.0135 0.0149 0.0319 0.0390 4.7328 13.6317 
125.2856 7321.9203 0.6890 1.0909 1.4483 2.6096 0.2955 0.3639 0.2890 0.3551 2.8039 6.1121 
133.9123 8653.0001 0.5149 0.7158 0.5135 0.6971 0.5974 0.7890 0.5946 0.7849 2.0497 3.8606 
punto 17 de la ventana (1)in_(0)out:
0
410 204 33 96.8868 4056.7008 17.8348 208.6279 4.6730 17.2827 0.0062 0.0067 6.7894 85.2979 22.1274 262.7103 
103.9976 5439.4389 13.5846 144.9422 1.6886 4.2207 1.5251 4.0609 0.8664 2.6480 17.4521 188.8218 
125.0522 7287.6932 4.4452 23.2136 1.3440 3.3288 0.2864 0.4274 0.0639 0.0749 8.6044 43.1110 
124.1232 7167.2717 0.8754 1.4985 0.8352 1.3735 0.2907 0.3592 0.2960 0.3657 2.9379 6.4075 
120.6179 6903.5477 0.6137 0.8530 0.6406 0.8837 0.6043 0.7991 0.6102 0.8080 1.5686 2.6314 
punto 18 de la ventana (1)in_(0)out:
0
410 220 82 203.1701 16889.4217 12.0726 104.5389 2.3085 8.0471 0.0000 0.0000 0.0000 0.0000 16.5503 142.5994 
160.1936 12242.8135 11.0892 99.5898 2.0002 6.7312 0.0483 0.0747 0.0032 0.0043 16.4245 153.8905 
136.6662 8729.7015 5.2971 29.8094 2.2989 6.5965 0.1513 0.1965 0.0314 0.0380 10.3603 60.8355 
116.9128 6390.9377 1.4280 3.3680 1.1722 2.0989 0.3408 0.4372 0.3171 0.3933 3.6478 9.3005 
115.8379 6297.4858 0.7460 1.0666 0.8380 1.2168 0.6058 0.8015 0.6176 0.8192 1.4222 2.2754 
punto 19 de la ventana (1)in_(0)out:
1
410 236 35 97.5421 4005.4700 14.6926 102.1181 1.7340 6.9953 0.0000 0.0000 0.0000 0.0000 16.2056 118.0411 
91.8283 4179.9006 10.2588 76.8304 1.3257 3.7614 0.6915 1.2995 0.0980 0.1295 13.1663 103.4725 
110.3874 5776.9261 4.5996 25.0203 1.4714 3.7460 0.3863 0.5778 0.0604 0.0694 9.6447 53.5385 
116.8137 6393.1962 1.7688 4.6513 1.0288 1.8720 0.3946 0.5185 0.3031 0.3732 4.0048 10.7492 
119.0017 6654.4925 0.8856 1.3773 0.9959 1.4857 0.6073 0.8046 0.6092 0.8064 1.5934 2.6635 
punto 20 de la ventana (1)in_(0)out:
1
410 252 44 99.0313 4009.3080 1.8018 4.5034 0.4027 0.7985 0.0000 0.0000 0.0000 0.0000 6.5246 21.9779 
82.7706 3224.3490 1.6712 4.1688 0.7925 1.9517 0.0069 0.0078 0.1141 0.1982 4.6827 13.4690 
88.1177 3541.3308 1.6566 5.3820 1.1994 2.3706 0.1837 0.2336 0.1004 0.1181 3.8796 12.4477 
110.1941 5807.6287 2.1805 6.9026 0.9380 1.6023 0.4322 0.5603 0.3409 0.4251 4.2686 12.5251 
124.9380 7368.0539 1.0196 1.7473 0.9505 1.4019 0.6103 0.8099 0.5941 0.7838 1.9001 3.3664 
punto 21 de la ventana (1)in_(0)out:
0
426 188 55 128.1688 6700.3183 3.8044 11.5071 1.0655 2.6970 0.0000 0.0000 0.0000 0.0000 6.9847 25.7735 
110.0315 5701.3179 2.7558 9.3612 0.8534 1.8274 0.0017 0.0019 0.0137 0.0159 5.4230 19.6040 
111.8959 5704.8724 1.6159 3.8802 0.4101 0.6403 0.0694 0.0903 0.0324 0.0359 3.7846 10.0492 
113.9497 6093.2800 1.2413 2.2573 0.7695 1.2363 0.3424 0.4275 0.3182 0.3932 2.7992 5.9985 
121.3017 6982.4025 0.7196 1.0219 0.5380 0.7302 0.6118 0.8106 0.6110 0.8093 1.6973 2.9267 
punto 22 de la ventana (1)in_(0)out:
0
426 204 47 108.3096 4797.5380 4.4826 14.2870 4.9291 20.1739 0.0000 0.0000 2.6146 20.9883 8.9562 40.9949 
95.9561 4340.8455 1.4341 3.0188 3.8194 12.0998 0.0659 0.0847 0.1272 0.1884 5.6774 20.9431 
102.4170 4816.2252 0.4248 0.6653 1.8893 3.8299 0.0661 0.0763 0.0499 0.0563 4.2741 11.9798 
103.6049 5038.3701 0.7586 1.3247 0.9147 1.4375 0.3767 0.4747 0.3545 0.4427 2.8125 5.9836 
110.7974 5773.8616 0.6586 0.9088 0.6898 0.9509 0.6235 0.8282 0.6237 0.8283 1.3750 2.1639 
punto 23 de la ventana (1)in_(0)out:
0
426 220 35 83.1461 2824.0126 0.9810 1.8293 3.6917 9.6137 0.0000 0.0000 0.0000 0.0000 5.4323 16.2000 
74.7515 2633.8686 1.3139 3.3484 2.4041 7.0606 0.0414 0.0488 0.4184 1.4360 4.6997 16.0070 
93.0087 4031.8592 3.5145 18.8637 2.1402 5.2840 0.2282 0.3040 0.1020 0.1185 5.7236 25.8008 
105.5633 5221.7322 1.4086 3.1687 1.3544 2.3966 0.3960 0.5074 0.3508 0.4390 3.4145 8.3649 
110.0019 5681.0553 0.6862 0.9612 0.9327 1.3649 0.6216 0.8256 0.6255 0.8310 1.3448 2.1098 
punto 24 de la ventana (1)in_(0)out:
0
426 236 35 95.3621 3738.0724 4.4552 27.3806 3.8166 31.5639 0.0000 0.0000 0.1881 0.3682 11.3008 79.3938 
97.9954 4635.3340 6.1541 43.8224 5.8959 44.5983 0.1474 0.2051 0.8201 2.0416 11.8580 99.2090 
120.2145 6803.5232 2.9992 11.5304 5.2443 24.2564 0.0733 0.0863 0.1410 0.1803 7.5354 40.4288 
122.4502 7135.1760 1.4910 3.5981 2.2123 5.5056 0.3150 0.3994 0.3201 0.3994 4.3446 12.9523 
117.6356 6527.9202 0.8639 1.3395 1.1152 1.6999 0.6096 0.8082 0.6112 0.8094 1.6030 2.6886 
punto 25 de la ventana (1)in_(0)out:
0
426 252 83 198.9439 16162.9546 0.1766 0.4405 0.5773 1.7441 0.0000 0.0000 0.0000 0.0000 12.8737 74.0374 
176.0189 14615.0662 0.7107 3.1161 0.9269 2.6710 0.0000 0.0000 0.0010 0.0010 9.9599 58.7834 
176.0123 14184.4538 2.5066 12.4030 0.4770 0.7776 0.0053 0.0059 0.0037 0.0040 7.6372 35.9122 
143.2585 9729.0287 2.7073 8.5262 1.3087 3.1062 0.2704 0.3439 0.2330 0.2818 5.2923 17.1698 
127.7717 7728.8975 1.1452 1.9952 1.0779 1.6403 0.5945 0.7865 0.5907 0.7788 1.9913 3.6094 
