punto 1:
300 304 51 127.0914 6628.9871 4.8352 37.7691 4.4246 40.9283 0.0000 0.0000 3.3885 52.4228 16.5447 186.8783 
126.7738 6876.1276 5.7476 46.5191 5.6655 48.8926 1.3869 8.4462 3.2570 27.8431 13.2471 138.5511 
112.2952 6376.4366 3.3044 22.7811 2.9817 20.4800 1.9308 12.1957 1.8970 12.0539 6.3210 49.7363 
73.4580 4312.5199 1.3275 8.5204 1.2030 7.6198 1.8848 12.5473 1.8233 12.0860 4.8190 39.5238 
49.9284 3138.4429 1.4599 10.0628 1.4247 9.7801 1.3901 9.4783 1.3850 9.4390 1.7252 12.2318 
punto 2:
343 304 65 165.0342 10992.8621 6.5668 58.2412 9.8278 87.4166 0.0000 0.0000 0.1086 1.5673 14.0125 138.7047 
152.9389 9909.6405 5.0355 40.3902 6.7748 57.0449 0.9963 6.1116 0.9124 5.8651 12.9962 128.2769 
119.2114 7183.2066 2.8732 19.4658 3.7910 28.5649 1.8833 11.8944 1.8178 11.6331 7.7205 64.1316 
75.8180 4571.7964 1.3458 8.6118 1.3464 8.6432 1.8554 12.3246 1.8698 12.4416 4.4979 35.9271 
49.9164 3133.3912 1.3978 9.5445 1.4285 9.7908 1.3821 9.4155 1.3826 9.4192 1.5985 11.1646 
punto 3:
369 297 44 124.5239 6329.1056 4.4721 32.7616 3.6840 28.2438 0.0002 0.0012 2.6336 32.2684 13.6148 145.8928 
132.5921 7533.1053 2.7096 18.1924 4.3965 34.2953 1.6651 10.4100 2.0144 13.8580 12.5219 129.3453 
119.7079 7290.8703 2.1871 14.3597 3.7087 26.8451 1.9620 12.4616 1.7866 11.2470 7.5662 64.6516 
74.9137 4489.5417 1.1098 6.9534 1.3910 8.9627 1.8368 12.1877 1.8035 11.9323 4.8283 39.4052 
45.7049 2641.7591 1.3165 8.9020 1.3529 9.1911 1.3857 9.4435 1.3817 9.4121 1.6722 11.7764 
punto 4:
373 269 58 155.2392 9747.4877 1.7137 10.9161 4.9550 37.5521 0.0000 0.0000 0.0005 0.0030 12.3296 110.7678 
148.8091 9376.9452 3.1387 22.9906 5.5511 42.5481 0.8207 4.8574 1.0191 6.2983 10.0575 86.7407 
118.7329 7101.4891 3.1435 21.9948 4.2574 30.5163 1.7621 11.0599 1.7905 11.2249 6.3929 49.8024 
73.9441 4339.8827 1.4705 9.5286 1.5909 10.3649 1.8406 12.2154 1.8528 12.3037 3.9448 30.3751 
47.0261 2780.2172 1.4797 10.1983 1.4506 9.9619 1.3872 9.4556 1.3845 9.4340 1.5158 10.4887 
punto 5:
313 261 47 121.2013 5950.9146 8.3790 66.2567 4.2015 29.4226 0.0000 0.0000 0.0000 0.0001 9.4420 77.0683 
116.5626 5769.7424 6.7488 51.3038 3.8458 26.7019 1.1972 7.1594 1.3414 8.2415 8.1017 64.4181 
93.8020 4454.6705 4.7416 34.4184 3.2681 22.3834 2.0931 13.3243 2.1408 13.6938 5.5162 41.2811 
59.1166 2792.8189 1.9768 13.2958 1.8271 12.2448 1.9339 12.9225 1.9812 13.2879 3.3563 24.8292 
38.5153 1875.1780 1.4806 10.2061 1.5286 10.6003 1.3988 9.5478 1.4027 9.5783 1.6030 11.2027 
