punto 1:
270 160 65 166.0526 11171.8453 2.4222 16.5735 8.3659 82.7564 0.0000 0.0000 0.1920 3.8872 16.2268 176.9891 
156.4493 10424.2734 2.6649 18.7633 5.2007 43.0240 0.9154 5.4813 1.8100 13.0513 13.3017 130.0289 
133.5488 9050.2441 2.3148 15.4305 4.0650 30.0710 1.7432 10.9317 2.0041 12.7821 7.6846 63.7222 
87.4475 6144.8517 1.5234 9.8963 2.3050 16.0279 1.8746 12.4760 1.9001 12.6687 3.6502 27.5907 
58.9939 4404.1442 1.1989 8.0067 1.3961 9.5564 1.3724 9.3394 1.3734 9.3473 1.8675 13.4416 
punto 2:
242 210 101 242.0075 23524.1504 3.6467 26.9986 4.1257 33.4269 0.0000 0.0000 0.0003 0.0016 15.8515 161.4535 
208.7701 18446.6774 4.2948 32.5976 4.2584 35.0438 0.3862 2.3249 0.4103 2.4527 15.1145 153.1601 
161.8612 13133.6940 3.7402 27.2445 3.1706 22.4778 1.6383 10.3187 1.5097 9.4028 7.5939 62.8756 
102.0051 8232.8501 2.4866 17.4108 1.9619 13.1859 1.7909 11.8414 1.7905 11.8369 3.0453 22.0723 
62.7685 4954.7173 1.5253 10.5732 1.2735 8.5668 1.3508 9.1684 1.3587 9.2308 1.7052 12.0524 
punto 1:
227 188 121 298.5929 35889.0596 0.7498 5.1150 5.9917 48.4429 0.0000 0.0000 0.0000 0.0000 22.8246 285.2936 
274.2697 31910.5965 3.0801 32.5820 4.9811 40.9724 0.1931 1.0774 0.2406 1.4076 21.3065 270.6719 
203.2024 20862.7999 4.2262 36.6085 4.1853 33.3611 1.0482 6.3759 1.0695 6.5139 12.2090 121.2790 
114.6428 10416.4534 2.6235 18.9655 2.2119 15.5436 1.6965 11.1509 1.6711 10.9517 3.9604 30.6502 
67.9275 5787.2058 1.5246 10.5673 1.3673 9.3189 1.3527 9.1834 1.3426 9.1041 1.6856 11.8935 
punto 2:
264 163 58 172.7647 12193.2191 2.3203 15.0971 5.2706 51.5141 0.0000 0.0000 6.8144 74.2776 20.9050 288.0595 
174.3399 12951.5219 2.5006 16.7587 4.9278 43.5883 0.7126 4.2006 3.1859 27.1463 16.1401 177.0497 
153.5280 11863.2170 2.7041 18.4158 3.8383 28.6098 1.6638 10.3749 1.7931 11.4541 7.8269 65.9866 
99.5099 7896.2161 1.6684 10.9887 2.1638 14.8505 1.7698 11.6802 1.8123 12.0018 3.4673 25.9350 
62.5477 4940.4852 1.2096 8.0875 1.3778 9.3975 1.3560 9.2097 1.3645 9.2763 1.8190 13.0306 
punto 3:
253 246 58 158.0966 10674.3591 20.2070 259.9099 24.3478 372.7221 0.0002 0.0010 1.6041 14.8499 32.6680 584.9817 
168.5978 13521.7730 22.4511 351.3521 17.5907 269.5138 1.7822 11.5707 2.6571 20.2657 30.1434 584.4867 
156.0282 14022.1785 13.8828 174.2029 8.4392 92.5775 2.0670 13.4782 1.8648 12.0484 17.2100 246.0728 
96.4930 7889.0243 4.7959 41.9064 2.9918 22.5759 1.7825 11.8766 1.7787 11.7898 5.8419 52.8868 
57.1326 4137.2988 1.7606 12.5816 1.5100 10.4717 1.3638 9.2726 1.3666 9.2930 1.8982 13.7255 
punto 4:
279 293 76 195.1682 15369.0491 1.1578 7.2054 4.0904 29.9319 0.0000 0.0000 0.0176 0.1437 14.7130 143.7054 
185.1171 14550.7502 1.7727 11.5531 5.3481 44.6848 0.5484 3.1805 1.2423 8.4964 13.5093 132.1671 
158.1310 12677.2785 1.6918 10.6686 3.9030 28.2048 1.4521 8.9250 1.6782 10.5359 7.9776 66.5785 
98.0977 7777.7250 1.2975 8.3171 2.1688 14.8335 1.7563 11.5802 1.7951 11.8753 3.9959 31.0048 
59.4534 4509.0134 1.1200 7.4352 1.4101 9.6769 1.3537 9.1924 1.3691 9.3132 2.0200 14.8158 
punto 5:
339 274 76 181.2714 13356.3247 1.5369 10.7453 12.0825 119.5500 0.0000 0.0000 0.0000 0.0000 19.1974 215.6018 
157.1270 10574.5985 3.7676 29.6334 9.5540 89.9253 0.7242 4.2955 0.9081 5.6091 15.5115 159.1521 
120.8273 7427.5550 4.3550 32.0496 5.9208 47.2864 1.8869 11.9315 2.0087 12.8935 7.7147 64.0541 
76.0357 4638.4875 2.7438 19.4848 2.9796 21.5688 1.9330 12.9171 1.9357 12.9435 3.2462 23.8649 
51.0322 3316.2616 1.5959 11.1574 1.7760 12.6658 1.3864 9.4496 1.3807 9.4047 1.8527 13.3160 
punto 6:
325 178 48 124.6815 6294.5029 3.3932 22.6763 2.9186 19.8218 0.0000 0.0000 0.0011 0.0081 9.1469 76.1326 
123.8700 6506.8207 4.5547 32.5057 3.3353 23.0586 1.4319 8.6891 1.6785 10.6178 8.2869 68.3176 
111.8196 6358.0893 3.5259 24.7328 2.8929 19.7722 2.2072 14.1575 2.1924 14.1364 6.6264 54.8020 
76.3969 4678.4524 2.1918 15.1362 1.9934 13.5344 1.9409 12.9835 1.9186 12.8151 3.4091 25.4830 
50.3468 3208.6370 1.4750 10.1777 1.2278 8.2184 1.3878 9.4603 1.3762 9.3683 1.7806 12.6924 
