  1.3271941e+006
  1.1881894e+006
  1.1569335e+006
  1.1528426e+006
  1.1508906e+006
  1.1497624e+006
  1.1487632e+006
  1.1478971e+006
  1.1469973e+006
  1.1459329e+006
  1.1449034e+006
  1.1435736e+006
  1.1425914e+006
  1.1420363e+006
  1.1415750e+006
  1.1410687e+006
  1.1403935e+006
  1.1398262e+006
  1.1394408e+006
  1.1390727e+006
  1.1387706e+006
  1.1385358e+006
  1.1383259e+006
  1.1380316e+006
  1.1377588e+006
  1.1375064e+006
  1.1372115e+006
  1.1369743e+006
  1.1368176e+006
  1.1366956e+006
  1.1364862e+006
  1.1362889e+006
  1.1360692e+006
  1.1358034e+006
  1.1354125e+006
  1.1350563e+006
  1.1347592e+006
  1.1344440e+006
  1.1341196e+006
  1.1338888e+006
  1.1337217e+006
  1.1336294e+006
  1.1335226e+006
  1.1334452e+006
  1.1334098e+006
  1.1333849e+006
  1.1333609e+006
  1.1333312e+006
  1.1332991e+006
  1.1332506e+006
  1.1332260e+006
  1.1332012e+006
  1.1331633e+006
  1.1331116e+006
  1.1330891e+006
  1.1330662e+006
  1.1330349e+006
  1.1330119e+006
  1.1329977e+006
  1.1329876e+006
  1.1329727e+006
  1.1329566e+006
  1.1329429e+006
  1.1329286e+006
  1.1329161e+006
  1.1329023e+006
  1.1328875e+006
  1.1328761e+006
  1.1328675e+006
  1.1328581e+006
  1.1328481e+006
  1.1328432e+006
  1.1328409e+006
  1.1328390e+006
  1.1328375e+006
  1.1328363e+006
  1.1328345e+006
