  2.5400000e+002
  2.5400000e+002
  2.5400000e+002
  3.8900000e+002
  2.5400000e+002
  2.5400000e+002
  2.5400000e+002
  2.5400000e+002
  2.5400000e+002
  2.5400000e+002
  2.5400000e+002
  2.5400000e+002
  2.5500000e+002
  2.5600000e+002
  2.5400000e+002
  2.5400000e+002
  2.5400000e+002
  2.5400000e+002
  2.5400000e+002
  2.5400000e+002
  2.5500000e+002
  2.5400000e+002
  2.5400000e+002
  2.5400000e+002
  3.2400000e+002
  4.2300000e+002
  2.5400000e+002
  2.5400000e+002
  2.5400000e+002
  4.0000000e+002
  2.5400000e+002
  2.5400000e+002
  2.5400000e+002
  2.7100000e+002
  2.5400000e+002
  2.5500000e+002
  2.5400000e+002
  2.5400000e+002
  2.5400000e+002
  2.5400000e+002
  2.5400000e+002
  2.5400000e+002
  2.5400000e+002
  2.5400000e+002
  2.5400000e+002
  2.5400000e+002
  2.5500000e+002
  2.5400000e+002
  2.5400000e+002
  2.5400000e+002
