99.2925
15.3593
92.6418
31.2476
83.5894
45.3601
72.8241
58.2475
60.1186
69.5068
45.7891
79.0786
29.8783
84.8804
13.0788
86.9563
-3.9929
86.5614
-21.0842
84.8380
-37.5535
80.7178
-53.0324
73.6322
-67.0448
64.3842
-79.9752
52.7552
-89.9333
38.8811
-97.8079
23.8190
-101.5052
7.0513
-101.6453
-10.0477
-99.5083
-26.9259
-93.4036
-42.9035
-82.9355
-56.2250
-69.2728
-66.7515
-54.1141
-73.7821
-37.7239
-77.8906
-20.9533
-79.4837
-3.9421
-80.1156
13.0907
-79.9063
29.7967
-78.1848
46.2082
-75.7148
62.0562
-70.9170
76.2730
-61.6079
88.1722
-49.1455
97.1048
-34.6782
101.8270
-18.1472
102.7433
-1.2136
