  1.2030784e+006
  1.1214619e+006
  1.0727394e+006
  1.0672877e+006
  1.0632546e+006
  1.0606249e+006
  1.0587216e+006
  1.0569701e+006
  1.0555679e+006
  1.0545287e+006
  1.0536602e+006
  1.0530755e+006
  1.0527253e+006
  1.0525078e+006
  1.0523390e+006
  1.0521833e+006
  1.0520246e+006
  1.0518380e+006
  1.0516906e+006
  1.0514965e+006
  1.0512164e+006
  1.0509074e+006
  1.0506821e+006
  1.0504243e+006
  1.0501781e+006
  1.0498791e+006
  1.0495881e+006
  1.0492575e+006
  1.0489293e+006
  1.0486013e+006
  1.0483214e+006
  1.0481057e+006
  1.0478995e+006
  1.0477429e+006
  1.0476038e+006
  1.0474654e+006
  1.0473759e+006
  1.0473105e+006
  1.0472325e+006
  1.0471449e+006
  1.0471076e+006
  1.0470729e+006
  1.0470541e+006
  1.0470368e+006
  1.0470168e+006
  1.0469953e+006
  1.0469697e+006
  1.0469301e+006
  1.0469131e+006
  1.0469086e+006
  1.0469063e+006
  1.0469052e+006
  1.0469045e+006
  1.0469038e+006
  1.0469032e+006
  1.0469025e+006
  1.0469019e+006
  1.0469012e+006
  1.0469001e+006
  1.0468982e+006
  1.0468958e+006
  1.0468930e+006
  1.0468908e+006
  1.0468896e+006
  1.0468882e+006
  1.0468860e+006
  1.0468841e+006
  1.0468831e+006
  1.0468824e+006
  1.0468819e+006
  1.0468810e+006
