  2.1210000e+003
  2.1180000e+003
  2.1180000e+003
  2.1190000e+003
  2.1180000e+003
  2.1180000e+003
  2.1180000e+003
  2.1180000e+003
  2.1180000e+003
  2.1180000e+003
  2.1180000e+003
  2.1180000e+003
  2.1200000e+003
  2.1200000e+003
  2.2940000e+003
  2.1180000e+003
  2.1180000e+003
  2.1220000e+003
  2.1180000e+003
  2.1210000e+003
  2.1190000e+003
  2.1180000e+003
  2.1180000e+003
  2.1180000e+003
  2.1180000e+003
  2.1180000e+003
  2.1190000e+003
  2.1200000e+003
  2.1190000e+003
  2.1190000e+003
  2.1200000e+003
  2.1200000e+003
  2.1180000e+003
  2.1210000e+003
  2.1180000e+003
  2.1190000e+003
  2.1190000e+003
  2.1180000e+003
  2.1190000e+003
  2.1180000e+003
  2.1180000e+003
  2.1180000e+003
  2.1180000e+003
  2.1180000e+003
  2.1180000e+003
  2.1180000e+003
  2.1180000e+003
  2.1180000e+003
  2.1180000e+003
  2.1180000e+003
